BEN
5 0 0 0 0 0 0 1 0 1 -3 5 0 0 0 5 5 0 0 0 0 5 0 0 0 0 0 0 0 0 1 3 0 1 0 -5 0 0 5 5 0 5 5 5 0 5 5 0 0 0 5 5 5 5 -5 
MOOSE
5 5 0 0 0 0 3 0 0 1 0 5 3 0 5 0 3 3 5 0 0 0 0 0 5 0 0 0 0 0 3 5 0 0 0 0 0 5 -3 0 0 0 5 0 0 0 0 0 0 5 5 0 3 0 0 
REUVEN
5 -5 0 0 0 0 -3 -5 0 1 -5 5 0 1 0 1 -3 1 -5 0 0 0 0 0 0 3 0 0 0 0 -5 1 0 1 0 -5 0 3 -3 3 0 1 5 1 0 0 0 0 0 1 3 1 5 1 3 
BOB
3 3 5 0 0 0 3 0 0 3 0 3 0 0 0 0 0 3 0 5 0 0 0 1 3 1 0 0 0 0 0 3 0 3 0 0 0 1 3 0 0 3 3 0 0 0 5 0 0 3 1 0 0 0 0 
CUST2
3 0 0 0 0 0 0 0 0 0 0 0 0 0 0 0 0 0 1 0 0 0 0 0 0 0 0 0 0 0 0 5 0 0 0 0 0 3 1 0 0 0 3 0 0 0 3 0 3 3 5 0 3 0 3 
FRANCOIS
3 3 5 0 0 0 3 0 0 3 0 3 0 0 0 0 0 3 0 5 0 0 0 1 3 1 0 0 0 0 0 3 0 3 0 0 0 1 3 0 0 3 3 0 0 0 5 0 0 3 1 0 0 0 0 
JIM C
5 3 0 0 0 0 3 0 0 0 0 0 0 0 1 0 0 0 0 0 0 0 0 3 0 3 0 0 0 0 0 5 0 5 0 0 0 0 0 0 0 0 0 0 0 0 0 0 3 3 3 0 0 0 0 
IREN
0 0 0 0 0 0 0 0 0 0 0 0 0 0 0 0 1 0 0 0 0 0 0 0 0 0 0 5 0 0 0 1 0 0 0 1 0 0 5 0 0 0 5 3 5 0 0 0 0 5 3 0 3 0 -5 
CUST3
0 0 0 -3 0 0 0 0 0 0 0 0 0 0 0 0 3 0 0 0 0 0 0 0 0 0 0 5 5 0 0 0 0 0 0 0 0 0 1 1 0 -3 5 3 0 0 1 0 0 0 1 0 0 0 0 
CUST4
0 0 0 0 0 0 0 5 0 0 0 0 0 0 0 0 0 0 0 0 0 0 0 0 0 0 0 0 0 0 0 0 0 0 0 5 0 0 -5 0 0 -5 5 0 0 0 0 0 0 0 -3 0 0 0 -3 
CUST5
0 -3 0 0 0 0 0 0 0 0 0 0 0 0 0 0 0 0 0 0 0 0 0 0 0 3 0 0 0 0 5 3 0 0 0 0 0 5 0 3 0 3 5 3 0 0 0 3 0 5 5 0 0 5 0 
CUST6
1 1 3 3 -3 3 3 5 5 5 5 1 3 1 1 0 5 0 3 0 0 0 0 0 0 0 0 0 0 0 0 0 0 0 0 3 3 0 3 0 3 5 5 5 0 -3 0 0 0 0 0 0 3 1 1 
CUST7
0 0 0 0 0 0 0 0 0 0 0 5 0 0 0 0 0 0 0 0 0 0 0 0 0 0 0 1 -3 0 0 5 5 0 0 5 0 0 3 0 0 0 5 0 0 0 0 0 0 0 0 0 5 0 5 
CUST8
3 0 0 5 0 0 0 5 0 5 3 0 0 0 0 0 3 0 5 5 0 0 0 0 0 0 0 0 5 0 5 5 3 0 0 5 0 0 5 5 5 3 5 5 0 0 5 0 0 5 5 0 5 0 5 
CUST9
5 0 0 0 0 0 3 0 0 0 0 3 0 0 0 0 0 0 1 0 0 0 0 0 0 5 0 0 0 0 1 0 0 0 0 0 0 0 0 0 0 0 0 0 0 0 0 0 0 -3 0 0 0 0 3 
ANDREW
3 3 1 0 3 0 3 0 0 -3 0 5 3 0 1 0 0 5 3 0 0 0 0 1 0 3 0 1 0 0 3 5 3 3 0 0 0 5 0 5 0 3 3 0 -3 0 0 5 1 5 3 0 3 0 0 
MA
0 0 0 0 5 0 0 0 0 3 0 0 0 0 0 0 0 0 -3 0 0 0 0 -3 0 0 0 0 0 0 0 3 0 3 0 0 0 -3 0 0 0 0 3 0 0 0 0 0 0 -3 -3 0 0 0 0 
MATT C
0 3 0 0 0 0 0 0 0 5 0 5 0 0 -3 5 0 0 1 0 0 3 0 0 3 0 0 0 0 0 1 3 3 0 0 0 0 0 5 0 0 0 5 3 0 3 0 0 0 5 5 3 0 0 0 
OCELOT
5 1 0 0 0 0 0 0 0 0 0 5 0 0 3 0 0 5 3 0 0 0 0 3 0 1 1 0 0 0 3 3 0 5 0 -3 0 3 0 0 0 5 3 0 0 0 0 0 0 0 3 0 1 0 0 
CUST10
5 0 0 0 1 0 0 0 0 -5 0 5 0 0 0 0 0 3 -3 3 0 0 0 5 0 5 0 0 0 0 3 3 0 5 0 0 0 5 0 0 0 0 3 0 0 0 0 5 0 0 0 0 0 0 0 
CROM
0 0 3 0 0 0 0 0 0 -3 0 0 0 0 5 0 0 0 5 0 0 0 0 0 0 0 0 0 0 0 5 0 0 0 0 0 0 5 0 0 0 0 0 0 0 0 0 0 0 3 3 0 0 0 0 
JOE
3 0 0 0 0 0 0 0 0 3 0 5 0 0 5 0 1 1 3 0 1 0 3 0 0 0 0 3 3 0 5 3 1 3 0 1 0 3 1 0 0 5 3 0 5 0 1 0 0 1 5 0 0 0 0 
PRISCILLA
5 0 0 0 0 0 5 0 0 0 0 3 3 0 1 0 0 0 0 0 0 0 3 5 0 0 0 0 0 0 0 1 0 3 0 0 0 5 0 0 0 0 0 0 0 0 0 0 0 -3 1 0 1 0 -3 
HARRY POTTER
0 0 0 0 0 0 0 0 0 -5 0 1 0 0 0 0 0 0 1 0 0 0 0 0 0 0 0 1 1 0 0 0 0 0 0 0 0 3 0 0 0 0 5 0 0 0 0 0 0 3 0 0 0 0 0 
I. NED
0 0 0 0 0 0 0 0 0 1 0 0 0 0 0 0 0 0 3 0 0 0 0 -3 0 0 0 0 0 0 1 1 0 0 0 -3 0 0 3 1 0 3 1 0 0 0 0 0 3 0 0 0 0 0 -3 
ENDER
5 0 0 0 0 0 5 0 0 3 0 5 0 0 0 0 0 1 0 0 0 0 0 0 0 0 0 0 0 0 0 0 3 0 0 0 0 0 0 0 0 0 0 0 0 0 0 0 0 5 3 0 5 0 3 
APOLLO
0 0 5 0 0 0 0 3 0 0 1 0 0 0 -5 0 0 0 0 0 0 0 0 5 0 0 0 0 0 0 3 -5 0 0 0 0 0 3 0 0 0 0 3 3 0 0 0 0 3 0 -3 0 0 0 1 
ZAX
0 3 0 0 0 0 0 0 1 0 0 0 0 0 0 0 0 0 0 5 0 0 0 0 0 0 0 0 0 0 0 5 0 0 0 0 0 0 5 0 0 0 5 0 0 0 3 0 0 5 5 0 0 0 1 
JALUKA
0 5 0 0 0 0 0 0 0 1 0 0 0 0 0 0 0 0 0 0 0 0 0 3 0 0 0 0 0 0 5 0 0 0 0 0 0 3 0 0 0 0 0 0 0 0 0 0 5 0 0 0 0 0 0 
SANITY
0 0 0 0 0 0 0 0 0 0 0 0 0 0 0 0 0 0 5 0 0 0 0 0 0 0 0 0 5 0 0 5 0 3 0 0 0 0 0 0 0 0 5 0 0 0 0 0 0 0 0 0 0 0 0 
BRIX
1 0 0 0 0 0 0 0 0 0 0 0 0 0 1 0 0 0 1 0 0 0 0 3 0 0 0 0 0 0 -3 0 0 0 0 0 0 3 0 0 0 0 0 0 0 0 0 0 0 0 0 0 0 0 3 
SAGE32
0 0 0 0 0 0 0 -3 0 3 1 0 0 0 0 0 0 0 3 5 0 0 0 3 0 0 0 0 0 0 3 0 0 0 0 -5 0 0 0 1 0 0 5 3 3 0 0 0 1 0 0 0 0 0 5 
CLIPPER
5 0 0 0 0 0 0 1 3 0 0 0 0 0 0 0 0 0 -3 0 0 0 0 0 0 0 0 0 0 0 1 5 0 3 0 0 0 0 0 0 0 5 5 0 0 0 0 0 3 5 5 0 0 0 0 
YJAM
0 0 0 0 0 0 0 0 0 0 0 0 0 0 0 0 0 0 0 0 0 0 0 0 0 0 0 0 0 0 0 1 0 0 0 3 0 0 3 0 0 0 0 3 0 0 0 0 0 5 5 0 5 0 0 
MARTIN
1 -3 0 0 0 0 0 0 0 0 0 3 3 0 -3 0 0 0 -3 0 0 0 0 0 0 0 0 0 0 0 0 0 0 0 0 0 0 -3 -3 0 0 0 5 0 0 0 0 0 1 3 5 0 -3 0 0 
MIKE
5 0 0 0 0 0 5 0 0 1 0 5 3 0 0 0 0 3 0 0 0 0 0 3 0 5 0 0 0 0 5 5 5 3 0 0 0 3 0 0 0 5 3 0 0 0 0 5 0 5 3 0 0 0 0 
STRONGBAD
5 0 -3 0 -3 0 0 -5 0 0 0 0 0 0 0 0 0 0 0 0 0 0 0 -5 0 0 0 0 0 0 0 3 0 3 0 0 0 -5 0 1 0 5 5 1 0 0 0 5 0 1 1 0 0 0 3 
BRIAN
5 0 0 0 0 0 0 0 0 3 0 0 0 0 5 0 0 0 0 5 0 0 0 5 0 3 0 0 0 0 1 0 0 0 0 1 0 5 3 5 0 0 5 3 0 0 0 0 0 3 5 0 0 0 0 
DOUGLAS ANDERSON
5 0 0 0 0 0 0 0 0 3 0 0 0 0 5 0 0 0 0 5 0 0 0 5 0 3 0 0 0 0 1 0 0 0 0 1 0 5 3 5 0 0 5 3 0 0 0 0 0 3 5 0 0 0 0 
CHRISPEH
0 0 0 0 0 0 0 0 0 0 0 0 0 0 0 0 0 0 0 0 0 0 0 0 0 0 0 0 0 0 3 0 0 -5 0 0 0 0 0 0 0 0 0 0 0 0 0 0 0 0 0 0 0 0 0 
RUDY A
0 0 0 0 0 0 0 0 0 0 0 0 0 0 0 0 0 0 0 0 0 0 0 0 0 0 0 0 0 0 3 0 0 1 0 0 0 0 0 5 0 0 3 0 0 0 0 0 0 0 0 0 0 0 0 
MCLOVIN
0 0 0 0 0 0 0 0 0 3 0 0 0 0 0 0 0 0 5 0 0 0 0 0 0 0 0 0 0 0 -5 3 0 -5 0 0 0 0 0 0 0 0 -3 0 0 0 0 0 0 3 0 0 0 0 0 
MIKE WILLIAMS
3 0 5 0 0 0 5 0 0 5 0 5 0 5 0 0 3 0 3 0 0 0 0 0 0 0 0 0 0 0 1 1 0 5 0 3 0 0 5 5 0 5 5 3 0 0 0 0 0 1 -3 0 0 0 0 
DUDE
0 0 0 0 0 0 0 0 0 0 0 0 0 0 0 0 3 0 0 0 0 0 0 0 0 0 0 0 0 0 3 0 0 0 0 0 0 0 0 0 0 0 3 3 0 0 5 0 0 0 -3 0 0 0 0 
HIDEO
0 0 -3 0 0 0 0 0 0 0 0 0 0 0 0 1 0 0 0 0 0 0 0 0 0 0 0 0 0 0 1 3 0 -5 0 0 0 0 5 0 0 0 5 5 0 0 0 0 0 5 5 0 0 0 0 
RUDY ANN
0 0 0 0 0 0 0 0 0 0 0 0 0 0 0 0 0 0 0 0 0 0 0 0 0 0 0 0 0 0 -3 0 0 -5 0 0 0 0 0 1 0 0 3 1 0 0 0 0 0 0 0 0 0 0 0 
DON WANG
0 0 0 0 0 0 0 0 0 0 0 0 0 0 0 0 0 0 0 0 0 0 0 0 0 0 0 0 0 0 1 0 0 1 0 0 0 0 3 0 0 0 3 3 0 0 0 0 0 0 3 0 0 0 0 
ANNA-CAROL
0 0 3 0 0 0 0 1 0 0 0 0 0 0 0 0 0 0 0 0 0 0 0 0 0 0 0 0 0 0 1 3 0 0 0 5 0 0 0 3 0 0 0 3 0 0 0 0 0 0 3 0 0 0 0 
SUBRIA
0 0 0 0 0 0 0 0 0 5 0 0 0 0 0 0 5 0 3 -5 0 0 0 0 0 0 0 0 0 0 1 3 3 -3 0 0 0 0 3 3 1 -3 0 0 0 0 0 0 0 3 3 0 0 0 0 
ELLA
0 0 0 0 0 0 0 3 0 0 3 1 0 0 0 0 3 0 0 3 0 0 0 0 0 0 0 0 0 0 -5 1 0 -5 0 5 0 0 1 0 0 3 0 5 0 0 0 0 0 0 0 0 0 0 0 
LESLIE
5 0 0 0 0 0 0 0 0 5 0 0 0 0 0 0 0 0 0 0 0 0 0 0 0 0 0 0 0 0 5 0 5 -5 0 0 0 0 5 0 0 0 -5 5 0 0 0 0 0 5 5 0 0 0 0 
SAM
0 3 0 0 0 1 0 0 0 3 0 0 0 0 0 0 0 0 0 0 0 0 0 0 0 0 0 0 0 0 1 0 0 -3 0 0 0 0 0 0 0 0 0 0 0 0 0 0 0 0 0 1 0 0 0 
CEDRIC JONES
0 0 0 0 0 0 0 0 0 3 0 0 5 0 0 0 0 0 5 0 0 0 0 0 0 0 0 0 0 0 1 0 5 -5 0 0 0 0 0 3 0 0 0 5 0 0 0 0 0 0 0 0 5 0 0 
DON WANG
0 0 0 0 0 0 0 0 0 0 0 0 0 0 0 0 0 0 0 0 0 0 0 0 0 0 0 0 0 0 1 0 0 1 0 0 0 0 3 0 0 0 3 3 0 0 0 0 0 0 3 0 0 0 0 
MCLEAN
0 0 0 0 0 0 0 0 0 5 0 0 0 0 0 0 3 0 0 0 0 0 0 5 0 0 0 0 0 0 5 0 0 3 0 0 0 5 5 0 0 0 5 5 0 0 0 0 0 0 5 0 1 0 5 
SHANNON
3 0 0 0 0 0 0 0 0 5 5 0 0 0 0 0 5 0 0 5 0 0 0 0 0 0 0 5 0 0 0 5 5 -5 0 5 0 0 5 0 5 5 5 5 0 0 5 0 0 5 5 0 5 0 0 
JOSHUA
0 0 0 0 0 0 0 1 0 0 -3 0 0 0 0 0 0 0 0 0 0 0 0 0 0 0 0 0 0 0 3 0 0 -5 0 -5 0 0 0 0 0 0 5 0 0 0 0 0 0 0 0 0 0 0 0 
JEREMY
0 0 0 0 0 0 0 0 0 0 3 0 0 0 0 0 0 0 0 0 0 0 0 0 0 0 0 0 0 0 0 3 0 -5 0 0 0 0 0 0 0 3 0 0 0 0 0 0 0 0 0 0 0 0 0 
PABLO SANCHEZ
0 0 0 0 0 0 0 0 0 0 0 0 0 0 0 0 0 0 0 0 0 0 0 0 0 0 0 0 0 0 0 0 0 3 0 0 0 0 3 0 0 0 0 1 0 0 3 0 0 0 0 0 0 0 0 
SCREAM
0 0 0 0 0 0 0 0 0 0 0 0 0 0 0 0 0 0 0 0 0 0 0 0 0 0 0 0 0 0 0 0 0 -5 0 -5 0 0 0 0 0 0 3 0 0 0 0 0 0 0 0 0 0 0 0 
ROFLOL
5 0 0 0 0 0 0 0 0 3 3 3 0 0 0 0 5 0 0 5 0 0 0 0 0 0 0 5 0 0 0 5 5 -5 0 5 0 0 5 5 5 5 5 5 0 0 0 0 0 5 5 0 0 0 0 
ALBUS DUMBLEDORE
0 0 0 0 0 0 0 1 0 0 -3 0 0 0 0 0 0 0 0 0 0 0 0 0 0 0 0 0 0 0 3 0 0 -3 0 -5 0 0 0 0 0 0 5 0 0 0 0 0 0 0 0 0 0 0 0 
ALEXANDRA
0 0 0 0 0 0 0 0 0 0 3 0 0 0 0 0 0 0 0 0 0 0 0 0 0 0 0 0 0 0 0 3 0 -5 0 0 0 0 0 0 0 3 0 0 0 0 0 0 0 0 0 0 0 0 0 
NARWHALS
5 0 0 0 0 0 0 0 0 0 0 5 0 0 0 0 0 5 0 0 0 0 0 0 0 0 0 5 0 0 0 3 0 -5 0 0 5 0 5 0 0 0 -3 3 0 0 0 0 0 5 5 0 0 0 0 
J-ROK
5 0 0 0 0 0 0 0 0 0 0 0 0 0 0 0 0 0 0 0 0 0 0 0 0 0 0 0 0 0 0 0 0 -3 0 -5 0 0 0 0 0 0 -5 0 0 0 1 0 0 0 0 0 0 0 0 
SNOOSH
0 0 0 0 0 0 0 0 0 0 0 0 0 0 0 0 0 0 1 0 0 0 0 5 0 0 0 0 0 0 0 5 0 1 0 0 0 0 3 5 0 -3 5 3 0 0 -5 0 0 5 5 0 0 0 0 
HUXIL
0 0 0 0 0 0 0 0 0 0 0 0 0 0 0 0 0 0 0 0 0 0 0 0 0 0 0 0 0 0 0 1 3 0 0 0 0 0 0 0 0 0 0 0 0 0 0 0 0 0 3 0 1 0 0 
HIDAN
0 0 0 0 0 0 0 0 0 0 0 0 3 0 0 0 0 0 0 0 0 0 0 0 0 0 0 5 5 0 0 3 0 5 0 0 0 0 5 0 0 0 5 5 5 0 0 0 0 5 5 0 0 0 0 
LEAH
0 0 0 0 0 0 0 0 0 0 0 0 0 0 0 0 0 0 0 0 0 0 0 0 0 0 0 3 0 0 0 0 0 0 0 0 0 0 0 0 0 0 0 0 1 0 0 0 0 0 0 0 0 0 0 
BOXXY
0 0 0 0 0 0 0 0 0 0 0 0 0 0 0 0 0 0 0 0 0 0 0 0 0 0 0 0 5 0 5 0 0 5 0 0 0 0 0 5 0 0 0 0 0 0 0 0 0 0 0 0 0 0 0 
ROSANNA
0 0 0 0 0 0 0 0 0 5 5 3 0 0 -3 0 0 0 1 0 0 0 0 0 0 0 0 1 0 0 1 5 0 1 0 5 0 0 0 0 0 0 5 5 0 0 0 0 0 0 -3 0 0 0 0 
CLAIRE
5 3 0 0 0 0 0 5 0 3 1 0 0 0 1 0 1 0 3 0 0 0 0 -3 0 5 0 0 0 0 5 5 0 1 0 -5 5 0 3 3 0 5 5 5 0 0 0 0 0 5 5 0 1 0 1 
DAVID
0 0 0 0 0 0 0 0 0 0 0 0 0 0 0 0 -5 0 0 0 0 0 0 0 0 0 0 0 0 0 0 0 0 0 0 0 0 0 1 0 0 5 1 0 0 0 0 0 0 0 0 0 0 0 5 
ZACHARY
0 0 0 0 0 0 0 0 0 0 0 0 0 0 0 0 1 0 0 0 0 0 0 0 0 0 0 5 0 0 0 0 0 0 0 0 0 0 3 0 0 1 0 5 5 0 0 0 0 0 5 0 0 0 0 
PARSECLAWS
5 5 3 0 0 0 0 0 0 -5 0 3 0 0 3 0 0 0 3 0 0 0 0 5 0 5 0 1 1 0 3 1 0 0 0 -5 0 5 0 0 0 0 3 3 0 0 3 0 0 0 0 0 0 0 -3 
TIFFANY
3 0 0 1 0 0 0 -3 0 5 -3 0 0 0 3 0 3 0 1 3 0 0 0 0 0 0 0 -5 1 0 5 5 0 0 0 -5 0 0 1 3 5 3 5 5 0 0 -3 0 0 5 5 3 5 0 3 
SIDNEY
0 0 0 0 0 0 0 0 0 0 0 0 0 0 1 0 3 0 3 0 0 0 0 1 0 0 0 5 5 0 0 3 0 3 0 0 0 0 5 5 0 0 5 0 3 0 3 0 0 5 5 0 0 0 0 
TONY
-5 -5 -5 -5 -5 -5 -5 1 1 -5 -5 1 1 3 5 -5 1 1 5 1 -5 -5 -5 1 1 -5 1 -5 1 1 3 0 0 0 0 0 3 0 0 0 3 0 0 -3 0 -5 -5 -5 0 5 5 1 1 1 1 
MARK
5 3 0 0 0 0 0 0 0 3 0 5 0 0 3 0 0 0 1 0 0 0 0 3 0 0 0 3 3 0 5 1 0 3 0 0 0 0 3 0 0 0 0 0 0 0 0 0 0 0 0 0 0 0 5 
NUNU
0 0 0 0 0 0 0 1 0 0 0 0 0 0 0 0 3 0 3 0 0 0 0 0 0 0 0 0 0 0 3 0 0 1 0 5 0 0 0 0 0 1 3 3 0 0 0 0 0 0 0 0 0 0 0 
HAMZA ALI
0 0 0 0 0 0 0 -5 0 5 1 0 0 0 1 0 5 0 -3 0 3 0 0 0 0 0 0 -5 0 0 -3 5 0 5 0 3 0 0 1 0 3 1 3 5 0 0 0 0 0 1 -5 0 0 0 0 
DENCELLIA
0 0 0 0 0 0 0 0 0 0 0 0 0 0 0 0 0 0 -3 0 0 0 0 0 0 0 0 1 3 0 1 0 0 0 0 3 0 0 0 0 0 0 5 0 3 0 0 0 0 -3 3 0 0 0 0 
NATHAN
0 0 0 0 0 0 0 -5 0 5 1 0 0 0 1 0 5 0 -3 0 3 0 0 0 0 0 0 -5 0 0 -3 5 0 5 0 3 0 0 1 0 3 1 3 5 0 0 0 0 0 1 -5 0 0 0 0 
JAMES
3 1 0 0 0 0 3 -3 0 0 1 0 0 0 0 0 0 0 1 1 0 0 0 -5 0 0 0 -5 -5 0 -3 5 0 3 0 -5 0 0 0 5 0 5 1 3 0 0 0 0 0 -5 5 0 -3 0 5 
KEELED
0 0 0 5 0 0 0 5 0 5 5 0 0 0 0 0 5 -3 -3 0 0 0 0 0 0 0 0 0 0 0 1 0 0 0 0 5 0 0 5 0 5 5 5 5 0 0 0 0 0 3 1 0 0 0 0 
MEGAN
5 5 0 0 0 0 0 0 0 3 0 5 0 0 1 0 5 0 1 5 0 0 0 0 0 1 0 5 0 0 3 5 5 0 0 5 0 0 3 0 0 3 5 5 0 0 0 0 0 5 5 0 5 0 0 
ARKO
0 0 0 0 0 0 0 0 0 5 0 0 0 3 0 5 0 0 0 0 0 0 0 0 0 0 0 0 0 0 0 0 0 0 0 0 0 0 0 0 0 0 5 0 0 0 0 0 0 0 5 0 0 0 0 
